1.695936574256501509e-10 3.361149215759518150e-12 2.398086798050450512e-12 1.715135325838226410e-12 1.300314674875838506e-12 1.015687991934868407e-12 7.541819851005530711e-13 4.773042599812944406e-13 2.188951452000739478e-13
3.361149215759518150e-12 4.322087996955096255e-11 2.425875560788876355e-12 1.721255118309774809e-12 1.300980125016694314e-12 1.015711104436397170e-12 7.541743596309783700e-13 4.773050869405934677e-13 2.188969318566421917e-13
2.398086798050450512e-12 2.425875560788876355e-12 1.212286702678953974e-11 1.748829206050140035e-12 1.303851086329946727e-12 1.015804874093621045e-12 7.541480509886793046e-13 4.773083375079086649e-13 2.189044055640211731e-13
1.715135325838226410e-12 1.721255118309774809e-12 1.748829206050140035e-12 4.201128337020860217e-12 1.317983769761046706e-12 1.016245845075615962e-12 7.540341766826049758e-13 4.773261941866716652e-13 2.189349235907615091e-13
1.300314674875838506e-12 1.300980125016694314e-12 1.303851086329946727e-12 1.317983769761046706e-12 1.998250532051886169e-12 1.019179781264470390e-12 7.535748429305852706e-13 4.773954549988792945e-13 2.190640705369105606e-13
1.015687991934868407e-12 1.015711104436397170e-12 1.015804874093621045e-12 1.016245845075615962e-12 1.019179781264470390e-12 1.229539737492978133e-12 7.519220535114058967e-13 4.776664405005449500e-13 2.195960362324043045e-13
7.541819851005530711e-13 7.541743596309783700e-13 7.541480509886793046e-13 7.540341766826049758e-13 7.535748429305852706e-13 7.519220535114058967e-13 8.187556870426979355e-13 4.785296216569339713e-13 2.217867475045693879e-13
4.773042599812944406e-13 4.773050869405934677e-13 4.773083375079086649e-13 4.773261941866716652e-13 4.773954549988792945e-13 4.776664405005449500e-13 4.785296216569339713e-13 5.064231965801829187e-13 2.305763573095133312e-13
2.188951452000739478e-13 2.188969318566421917e-13 2.189044055640211731e-13 2.189349235907615091e-13 2.190640705369105606e-13 2.195960362324043045e-13 2.217867475045693879e-13 2.305763573095133312e-13 2.690314370250522061e-13
